0	0	1	18369	0
1	1	0	18369	0
1	2	0	18369	0
2	0	3	18371	0
3	1	2	18371	0
3	2	2	18371	0
4	0	5	18368	0
5	1	4	18368	0
5	2	4	18368	0
6	0	7	18371	0
7	1	6	18371	0
7	2	6	18371	0
8	0	9	18368	0
9	1	8	18368	0
9	2	8	18368	0
10	0	11	18379	0
11	1	10	18379	0
11	2	10	18379	0
12	0	13	18357	0
13	1	12	18357	0
13	2	12	18357	0
14	0	15	18357	0
15	1	14	18357	0
15	2	14	18357	0
16	0	17	18380	0
17	1	16	18380	0
17	2	16	18380	0
18	0	19	18379	0
19	1	18	18379	0
19	2	18	18379	0
20	0	21	18368	0
21	1	20	18368	0
21	2	20	18368	0
22	0	23	18368	0
23	1	22	18368	0
23	2	22	18368	0
24	0	25	18378	0
25	1	24	18378	0
25	2	24	18378	0
26	0	27	18350	0
27	1	26	18350	0
27	2	26	18350	0
28	0	29	18370	0
29	1	28	18370	0
29	2	28	18370	0
30	0	31	18357	0
31	1	30	18357	0
31	2	30	18357	0
32	0	33	18356	0
33	1	32	18356	0
33	2	32	18356	0
34	0	35	18378	0
35	1	34	18378	0
35	2	34	18378	0
36	0	37	18370	0
37	1	36	18370	0
37	2	36	18370	0
38	0	39	18356	0
39	1	38	18356	0
39	2	38	18356	0
40	0	41	18377	0
41	1	40	18377	0
41	2	40	18377	0
42	0	43	18351	0
43	1	42	18351	0
43	2	42	18351	0
44	0	45	18359	0
45	1	44	18359	0
45	2	44	18359	0
46	0	47	18361	0
47	1	46	18361	0
47	2	46	18361	0
48	0	49	18354	0
49	1	48	18354	0
49	2	48	18354	0
50	0	51	18361	0
51	1	50	18361	0
51	2	50	18361	0
52	0	53	18357	0
53	1	52	18357	0
53	2	52	18357	0
54	0	55	18379	0
55	1	54	18379	0
55	2	54	18379	0
56	0	57	18379	0
57	1	56	18379	0
57	2	56	18379	0
58	0	59	18351	0
59	1	58	18351	0
59	2	58	18351	0
60	0	61	18377	0
61	1	60	18377	0
61	2	60	18377	0
62	0	63	18358	0
63	1	62	18358	0
63	2	62	18358	0
64	0	65	18379	0
65	1	64	18379	0
65	2	64	18379	0
66	0	67	18377	0
67	1	66	18377	0
67	2	66	18377	0
68	0	69	18359	0
69	1	68	18359	0
69	2	68	18359	0
70	0	71	18360	0
71	1	70	18360	0
71	2	70	18360	0
72	0	73	18379	0
73	1	72	18379	0
73	2	72	18379	0
74	0	75	18356	0
75	1	74	18356	0
75	2	74	18356	0
76	0	77	18359	0
77	1	76	18359	0
77	2	76	18359	0
78	0	79	18352	0
79	1	78	18352	0
79	2	78	18352	0
80	0	81	18364	0
81	1	80	18364	0
81	2	80	18364	0
82	0	83	18370	0
83	1	82	18370	0
83	2	82	18370	0
84	0	85	18369	0
85	1	84	18369	0
85	2	84	18369	0
86	0	87	18380	0
87	1	86	18380	0
87	2	86	18380	0
88	0	89	18348	0
89	1	88	18348	0
89	2	88	18348	0
90	0	91	18356	0
91	1	90	18356	0
91	2	90	18356	0
92	0	93	18378	0
93	1	92	18378	0
93	2	92	18378	0
94	0	95	18369	0
95	1	94	18369	0
95	2	94	18369	0
96	0	97	18371	0
97	1	96	18371	0
97	2	96	18371	0
98	0	99	18368	0
99	1	98	18368	0
99	2	98	18368	0
100	0	101	18379	0
101	1	100	18379	0
101	2	100	18379	0
102	0	103	18373	0
103	1	102	18373	0
103	2	102	18373	0
104	0	105	18365	0
105	1	104	18365	0
105	2	104	18365	0
106	0	107	18373	0
107	1	106	18373	0
107	2	106	18373	0
108	0	109	18380	0
109	1	108	18380	0
109	2	108	18380	0
110	0	111	18359	0
111	1	110	18359	0
111	2	110	18359	0
112	0	113	18366	0
113	1	112	18366	0
113	2	112	18366	0
114	0	115	18357	0
115	1	114	18357	0
115	2	114	18357	0
116	0	117	18367	0
117	1	116	18367	0
117	2	116	18367	0
118	0	119	18365	0
119	1	118	18365	0
119	2	118	18365	0
120	0	121	18367	0
121	1	120	18367	0
121	2	120	18367	0
122	0	123	18373	0
123	1	122	18373	0
123	2	122	18373	0
124	0	125	18380	0
125	1	124	18380	0
125	2	124	18380	0
126	0	127	18368	0
127	1	126	18368	0
127	2	126	18368	0
128	0	129	18363	0
129	1	128	18363	0
129	2	128	18363	0
130	0	131	18373	0
131	1	130	18373	0
131	2	130	18373	0
132	0	133	18364	0
133	1	132	18364	0
133	2	132	18364	0
134	0	135	18356	0
135	1	134	18356	0
135	2	134	18356	0
136	0	137	18354	0
137	1	136	18354	0
137	2	136	18354	0
138	0	139	18356	0
139	1	138	18356	0
139	2	138	18356	0
140	0	141	18357	0
141	1	140	18357	0
141	2	140	18357	0
142	0	143	18365	0
143	1	142	18365	0
143	2	142	18365	0
144	0	145	18341	0
145	1	144	18341	0
145	2	144	18341	0
146	0	147	18349	0
147	1	146	18349	0
147	2	146	18349	0
148	0	149	18359	0
149	1	148	18359	0
149	2	148	18359	0
150	0	151	18351	0
151	1	150	18351	0
151	2	150	18351	0
152	0	153	18356	0
153	1	152	18356	0
153	2	152	18356	0
154	0	155	18379	0
155	1	154	18379	0
155	2	154	18379	0
156	0	157	18351	0
157	1	156	18351	0
157	2	156	18351	0
158	0	159	18377	0
159	1	158	18377	0
159	2	158	18377	0
160	0	161	18350	0
161	1	160	18350	0
161	2	160	18350	0
162	0	163	18378	0
163	1	162	18378	0
163	2	162	18378	0
164	0	165	18375	0
165	1	164	18375	0
165	2	164	18375	0
166	0	167	18374	0
167	1	166	18374	0
167	2	166	18374	0
168	0	169	18368	0
169	1	168	18368	0
169	2	168	18368	0
170	0	171	18368	0
171	1	170	18368	0
171	2	170	18368	0
172	0	173	18374	0
173	1	172	18374	0
173	2	172	18374	0
174	0	175	18366	0
175	1	174	18366	0
175	2	174	18366	0
176	0	177	18354	0
177	1	176	18354	0
177	2	176	18354	0
178	0	179	18354	0
179	1	178	18354	0
179	2	178	18354	0
180	0	181	18379	0
181	1	180	18379	0
181	2	180	18379	0
182	0	183	18354	0
183	1	182	18354	0
183	2	182	18354	0
184	0	185	18366	0
185	1	184	18366	0
185	2	184	18366	0
186	0	187	18361	0
187	1	186	18361	0
187	2	186	18361	0
188	0	189	18373	0
189	1	188	18373	0
189	2	188	18373	0
190	0	191	18369	0
191	1	190	18369	0
191	2	190	18369	0
192	0	193	18373	0
193	1	192	18373	0
193	2	192	18373	0
194	0	195	18373	0
195	1	194	18373	0
195	2	194	18373	0
196	0	197	18362	0
197	1	196	18362	0
197	2	196	18362	0
198	0	199	18364	0
199	1	198	18364	0
199	2	198	18364	0
200	0	201	18364	0
201	1	200	18364	0
201	2	200	18364	0
202	0	203	18380	0
203	1	202	18380	0
203	2	202	18380	0
204	0	205	18356	0
205	1	204	18356	0
205	2	204	18356	0
206	0	207	18377	0
207	1	206	18377	0
207	2	206	18377	0
208	0	209	18377	0
209	1	208	18377	0
209	2	208	18377	0
210	0	211	18363	0
211	1	210	18363	0
211	2	210	18363	0
212	0	213	18364	0
213	1	212	18364	0
213	2	212	18364	0
214	0	215	18379	0
215	1	214	18379	0
215	2	214	18379	0
216	0	217	18356	0
217	1	216	18356	0
217	2	216	18356	0
218	0	219	18366	0
219	1	218	18366	0
219	2	218	18366	0
220	0	221	18364	0
221	1	220	18364	0
221	2	220	18364	0
222	0	223	18361	0
223	1	222	18361	0
223	2	222	18361	0
224	0	225	18351	0
225	1	224	18351	0
225	2	224	18351	0
226	0	227	18356	0
227	1	226	18356	0
227	2	226	18356	0
228	0	229	18354	0
229	1	228	18354	0
229	2	228	18354	0
230	0	231	18356	0
231	1	230	18356	0
231	2	230	18356	0
232	0	233	18360	0
233	1	232	18360	0
233	2	232	18360	0
234	0	235	18365	0
235	1	234	18365	0
235	2	234	18365	0
236	0	237	18368	0
237	1	236	18368	0
237	2	236	18368	0
238	0	239	18357	0
239	1	238	18357	0
239	2	238	18357	0
240	0	241	18380	0
241	1	240	18380	0
241	2	240	18380	0
242	0	243	18368	0
243	1	242	18368	0
243	2	242	18368	0
244	0	245	18379	0
245	1	244	18379	0
245	2	244	18379	0
246	0	247	18370	0
247	1	246	18370	0
247	2	246	18370	0
248	0	249	18355	0
249	1	248	18355	0
249	2	248	18355	0
250	0	251	18379	0
251	1	250	18379	0
251	2	250	18379	0
252	0	253	18374	0
253	1	252	18374	0
253	2	252	18374	0
254	0	255	18366	0
255	1	254	18366	0
255	2	254	18366	0
256	0	257	18366	0
257	1	256	18366	0
257	2	256	18366	0
258	0	259	18374	0
259	1	258	18374	0
259	2	258	18374	0
260	0	261	18374	0
261	1	260	18374	0
261	2	260	18374	0
262	0	263	18374	0
263	1	262	18374	0
263	2	262	18374	0
264	0	265	18375	0
265	1	264	18375	0
265	2	264	18375	0
266	0	267	18375	0
267	1	266	18375	0
267	2	266	18375	0
268	0	269	18361	0
269	1	268	18361	0
269	2	268	18361	0
270	0	271	18374	0
271	1	270	18374	0
271	2	270	18374	0
272	0	273	18350	0
273	1	272	18350	0
273	2	272	18350	0
274	0	275	18369	0
275	1	274	18369	0
275	2	274	18369	0
276	0	277	18380	0
277	1	276	18380	0
277	2	276	18380	0
278	0	279	18365	0
279	1	278	18365	0
279	2	278	18365	0
280	0	281	18357	0
281	1	280	18357	0
281	2	280	18357	0
282	0	283	18375	0
283	1	282	18375	0
283	2	282	18375	0
284	0	285	18373	0
285	1	284	18373	0
285	2	284	18373	0
286	0	287	18374	0
287	1	286	18374	0
287	2	286	18374	0
288	0	289	18374	0
289	1	288	18374	0
289	2	288	18374	0
290	0	291	18374	0
291	1	290	18374	0
291	2	290	18374	0
292	0	293	18380	0
293	1	292	18380	0
293	2	292	18380	0
294	0	295	18369	0
295	1	294	18369	0
295	2	294	18369	0
296	0	297	18368	0
297	1	296	18368	0
297	2	296	18368	0
298	0	299	18379	0
299	1	298	18379	0
299	2	298	18379	0
300	0	301	18352	0
301	1	300	18352	0
301	2	300	18352	0
302	0	303	18369	0
303	1	302	18369	0
303	2	302	18369	0
304	0	305	18368	0
305	1	304	18368	0
305	2	304	18368	0
306	0	307	18355	0
307	1	306	18355	0
307	2	306	18355	0
308	0	309	18368	0
309	1	308	18368	0
309	2	308	18368	0
310	0	311	18369	0
311	1	310	18369	0
311	2	310	18369	0
312	0	313	18373	0
313	1	312	18373	0
313	2	312	18373	0
314	0	315	18373	0
315	1	314	18373	0
315	2	314	18373	0
316	0	317	18370	0
317	1	316	18370	0
317	2	316	18370	0
318	0	319	18370	0
319	1	318	18370	0
319	2	318	18370	0
320	0	321	18370	0
321	1	320	18370	0
321	2	320	18370	0
322	0	323	18347	0
323	1	322	18347	0
323	2	322	18347	0
324	0	325	18368	0
325	1	324	18368	0
325	2	324	18368	0
326	0	327	18379	0
327	1	326	18379	0
327	2	326	18379	0
328	0	329	18380	0
329	1	328	18380	0
329	2	328	18380	0
330	0	331	18359	0
331	1	330	18359	0
331	2	330	18359	0
332	0	333	18346	0
333	1	332	18346	0
333	2	332	18346	0
334	0	335	18361	0
335	1	334	18361	0
335	2	334	18361	0
336	0	337	18370	0
337	1	336	18370	0
337	2	336	18370	0
338	0	339	18369	0
339	1	338	18369	0
339	2	338	18369	0
340	0	341	18370	0
341	1	340	18370	0
341	2	340	18370	0
342	0	343	18369	0
343	1	342	18369	0
343	2	342	18369	0
344	0	345	18369	0
345	1	344	18369	0
345	2	344	18369	0
346	0	347	18369	0
347	1	346	18369	0
347	2	346	18369	0
348	0	349	18380	0
349	1	348	18380	0
349	2	348	18380	0
350	0	351	18369	0
351	1	350	18369	0
351	2	350	18369	0
352	0	353	18350	0
353	1	352	18350	0
353	2	352	18350	0
354	0	355	18356	0
355	1	354	18356	0
355	2	354	18356	0
356	0	357	18370	0
357	1	356	18370	0
357	2	356	18370	0
358	0	359	18374	0
359	1	358	18374	0
359	2	358	18374	0
360	0	361	18374	0
361	1	360	18374	0
361	2	360	18374	0
362	0	363	18367	0
363	1	362	18367	0
363	2	362	18367	0
364	0	365	18360	0
365	1	364	18360	0
365	2	364	18360	0
366	0	367	18361	0
367	1	366	18361	0
367	2	366	18361	0
368	0	369	18362	0
369	1	368	18362	0
369	2	368	18362	0
370	0	371	18352	0
371	1	370	18352	0
371	2	370	18352	0
372	0	373	18360	0
373	1	372	18360	0
373	2	372	18360	0
374	0	375	18348	0
375	1	374	18348	0
375	2	374	18348	0
376	0	377	18357	0
377	1	376	18357	0
377	2	376	18357	0
378	0	379	18349	0
379	1	378	18349	0
379	2	378	18349	0
380	0	381	18341	0
381	1	380	18341	0
381	2	380	18341	0
382	0	383	18373	0
383	1	382	18373	0
383	2	382	18373	0
384	0	385	18362	0
385	1	384	18362	0
385	2	384	18362	0
386	0	387	18380	0
387	1	386	18380	0
387	2	386	18380	0
388	0	389	18373	0
389	1	388	18373	0
389	2	388	18373	0
390	0	391	18373	0
391	1	390	18373	0
391	2	390	18373	0
392	0	393	18360	0
393	1	392	18360	0
393	2	392	18360	0
394	0	395	18355	0
395	1	394	18355	0
395	2	394	18355	0
396	0	397	18379	0
397	1	396	18379	0
397	2	396	18379	0
398	0	399	18356	0
399	1	398	18356	0
399	2	398	18356	0
400	0	401	18372	0
401	1	400	18372	0
401	2	400	18372	0
402	0	403	18369	0
403	1	402	18369	0
403	2	402	18369	0
404	0	405	18370	0
405	1	404	18370	0
405	2	404	18370	0
406	0	407	18356	0
407	1	406	18356	0
407	2	406	18356	0
408	0	409	18357	0
409	1	408	18357	0
409	2	408	18357	0
410	0	411	18370	0
411	1	410	18370	0
411	2	410	18370	0
412	0	413	18343	0
413	1	412	18343	0
413	2	412	18343	0
414	0	415	18379	0
415	1	414	18379	0
415	2	414	18379	0
416	0	417	18375	0
417	1	416	18375	0
417	2	416	18375	0
418	0	419	18349	0
419	1	418	18349	0
419	2	418	18349	0
420	0	421	18367	0
421	1	420	18367	0
421	2	420	18367	0
422	0	423	18377	0
423	1	422	18377	0
423	2	422	18377	0
424	0	425	18356	0
425	1	424	18356	0
425	2	424	18356	0
426	0	427	18351	0
427	1	426	18351	0
427	2	426	18351	0
428	0	429	18360	0
429	1	428	18360	0
429	2	428	18360	0
430	0	431	18348	0
431	1	430	18348	0
431	2	430	18348	0
432	0	433	18355	0
433	1	432	18355	0
433	2	432	18355	0
434	0	435	18370	0
435	1	434	18370	0
435	2	434	18370	0
436	0	437	18354	0
437	1	436	18354	0
437	2	436	18354	0
438	0	439	18373	0
439	1	438	18373	0
439	2	438	18373	0
440	0	441	18371	0
441	1	440	18371	0
441	2	440	18371	0
442	0	443	18363	0
443	1	442	18363	0
443	2	442	18363	0
444	0	445	18371	0
445	1	444	18371	0
445	2	444	18371	0
446	0	447	18364	0
447	1	446	18364	0
447	2	446	18364	0
448	0	449	18352	0
449	1	448	18352	0
449	2	448	18352	0
450	0	451	18376	0
451	1	450	18376	0
451	2	450	18376	0
452	0	453	18356	0
453	1	452	18356	0
453	2	452	18356	0
454	0	455	18349	0
455	1	454	18349	0
455	2	454	18349	0
456	0	457	18375	0
457	1	456	18375	0
457	2	456	18375	0
458	0	459	18379	0
459	1	458	18379	0
459	2	458	18379	0
460	0	461	18378	0
461	1	460	18378	0
461	2	460	18378	0
462	0	463	18380	0
463	1	462	18380	0
463	2	462	18380	0
464	0	465	18365	0
465	1	464	18365	0
465	2	464	18365	0
466	0	467	18352	0
467	1	466	18352	0
467	2	466	18352	0
468	0	469	18343	0
469	1	468	18343	0
469	2	468	18343	0
470	0	471	18375	0
471	1	470	18375	0
471	2	470	18375	0
472	0	473	18347	0
473	1	472	18347	0
473	2	472	18347	0
474	0	475	18380	0
475	1	474	18380	0
475	2	474	18380	0
476	0	477	18359	0
477	1	476	18359	0
477	2	476	18359	0
478	0	479	18369	0
479	1	478	18369	0
479	2	478	18369	0
480	0	481	18373	0
481	1	480	18373	0
481	2	480	18373	0
482	0	483	18369	0
483	1	482	18369	0
483	2	482	18369	0
484	0	485	18368	0
485	1	484	18368	0
485	2	484	18368	0
486	0	487	18355	0
487	1	486	18355	0
487	2	486	18355	0
488	0	489	18374	0
489	1	488	18374	0
489	2	488	18374	0
490	0	491	18379	0
491	1	490	18379	0
491	2	490	18379	0
492	0	493	18378	0
493	1	492	18378	0
493	2	492	18378	0
494	0	495	18380	0
495	1	494	18380	0
495	2	494	18380	0
496	0	497	18379	0
497	1	496	18379	0
497	2	496	18379	0
498	0	499	18356	0
499	1	498	18356	0
499	2	498	18356	0
500	0	501	18355	0
501	1	500	18355	0
501	2	500	18355	0
502	0	503	18356	0
503	1	502	18356	0
503	2	502	18356	0
504	0	505	18356	0
505	1	504	18356	0
505	2	504	18356	0
506	0	507	18354	0
507	1	506	18354	0
507	2	506	18354	0
508	0	509	18347	0
509	1	508	18347	0
509	2	508	18347	0
510	0	511	18355	0
511	1	510	18355	0
511	2	510	18355	0
512	0	513	18363	0
513	1	512	18363	0
513	2	512	18363	0
514	0	515	18369	0
515	1	514	18369	0
515	2	514	18369	0
516	0	517	18358	0
517	1	516	18358	0
517	2	516	18358	0
518	0	519	18351	0
519	1	518	18351	0
519	2	518	18351	0
520	0	521	18365	0
521	1	520	18365	0
521	2	520	18365	0
522	0	523	18361	0
523	1	522	18361	0
523	2	522	18361	0
524	0	525	18380	0
525	1	524	18380	0
525	2	524	18380	0
526	0	527	18369	0
527	1	526	18369	0
527	2	526	18369	0
528	0	529	18376	0
529	1	528	18376	0
529	2	528	18376	0
530	0	531	18379	0
531	1	530	18379	0
531	2	530	18379	0
532	0	533	18369	0
533	1	532	18369	0
533	2	532	18369	0
534	0	535	18355	0
535	1	534	18355	0
535	2	534	18355	0
536	0	537	18354	0
537	1	536	18354	0
537	2	536	18354	0
538	0	539	18368	0
539	1	538	18368	0
539	2	538	18368	0
540	0	541	18358	0
541	1	540	18358	0
541	2	540	18358	0
542	0	543	18358	0
543	1	542	18358	0
543	2	542	18358	0
544	0	545	18362	0
545	1	544	18362	0
545	2	544	18362	0
546	0	547	18358	0
547	1	546	18358	0
547	2	546	18358	0
548	0	549	18359	0
549	1	548	18359	0
549	2	548	18359	0
550	0	551	18373	0
551	1	550	18373	0
551	2	550	18373	0
552	0	553	18358	0
553	1	552	18358	0
553	2	552	18358	0
554	0	555	18364	0
555	1	554	18364	0
555	2	554	18364	0
556	0	557	18353	0
557	1	556	18353	0
557	2	556	18353	0
558	0	559	18374	0
559	1	558	18374	0
559	2	558	18374	0
560	0	561	18375	0
561	1	560	18375	0
561	2	560	18375	0
562	0	563	18361	0
563	1	562	18361	0
563	2	562	18361	0
564	0	565	18379	0
565	1	564	18379	0
565	2	564	18379	0
566	0	567	18356	0
567	1	566	18356	0
567	2	566	18356	0
568	0	569	18380	0
569	1	568	18380	0
569	2	568	18380	0
570	0	571	18368	0
571	1	570	18368	0
571	2	570	18368	0
572	0	573	18350	0
573	1	572	18350	0
573	2	572	18350	0
574	0	575	18372	0
575	1	574	18372	0
575	2	574	18372	0
576	0	577	18375	0
577	1	576	18375	0
577	2	576	18375	0
578	0	579	18352	0
579	1	578	18352	0
579	2	578	18352	0
580	0	581	18361	0
581	1	580	18361	0
581	2	580	18361	0
582	0	583	18376	0
583	1	582	18376	0
583	2	582	18376	0
584	0	585	18377	0
585	1	584	18377	0
585	2	584	18377	0
586	0	587	18367	0
587	1	586	18367	0
587	2	586	18367	0
588	0	589	18371	0
589	1	588	18371	0
589	2	588	18371	0
590	0	591	18376	0
591	1	590	18376	0
591	2	590	18376	0
592	0	593	18361	0
593	1	592	18361	0
593	2	592	18361	0
594	0	595	18356	0
595	1	594	18356	0
595	2	594	18356	0
596	0	597	18366	0
597	1	596	18366	0
597	2	596	18366	0
598	0	599	18376	0
599	1	598	18376	0
599	2	598	18376	0
600	0	601	18368	0
601	1	600	18368	0
601	2	600	18368	0
602	0	603	18368	0
603	1	602	18368	0
603	2	602	18368	0
604	0	605	18346	0
605	1	604	18346	0
605	2	604	18346	0
606	0	607	18370	0
607	1	606	18370	0
607	2	606	18370	0
608	0	609	18378	0
609	1	608	18378	0
609	2	608	18378	0
610	0	611	18375	0
611	1	610	18375	0
611	2	610	18375	0
612	0	613	18377	0
613	1	612	18377	0
613	2	612	18377	0
614	0	615	18379	0
615	1	614	18379	0
615	2	614	18379	0
616	0	617	18376	0
617	1	616	18376	0
617	2	616	18376	0
618	0	619	18379	0
619	1	618	18379	0
619	2	618	18379	0
620	0	621	18353	0
621	1	620	18353	0
621	2	620	18353	0
622	0	623	18349	0
623	1	622	18349	0
623	2	622	18349	0
624	0	625	18351	0
625	1	624	18351	0
625	2	624	18351	0
626	0	627	18359	0
627	1	626	18359	0
627	2	626	18359	0
628	0	629	18373	0
629	1	628	18373	0
629	2	628	18373	0
630	0	631	18373	0
631	1	630	18373	0
631	2	630	18373	0
632	0	633	18356	0
633	1	632	18356	0
633	2	632	18356	0
634	0	635	18372	0
635	1	634	18372	0
635	2	634	18372	0
636	0	637	18366	0
637	1	636	18366	0
637	2	636	18366	0
638	0	639	18351	0
639	1	638	18351	0
639	2	638	18351	0
640	0	641	18367	0
641	1	640	18367	0
641	2	640	18367	0
642	0	643	18375	0
643	1	642	18375	0
643	2	642	18375	0
644	0	645	18355	0
645	1	644	18355	0
645	2	644	18355	0
646	0	647	18375	0
647	1	646	18375	0
647	2	646	18375	0
648	0	649	18366	0
649	1	648	18366	0
649	2	648	18366	0
650	0	651	18366	0
651	1	650	18366	0
651	2	650	18366	0
652	0	653	18368	0
653	1	652	18368	0
653	2	652	18368	0
654	0	655	18353	0
655	1	654	18353	0
655	2	654	18353	0
656	0	657	18363	0
657	1	656	18363	0
657	2	656	18363	0
658	0	659	18380	0
659	1	658	18380	0
659	2	658	18380	0
660	0	661	18373	0
661	1	660	18373	0
661	2	660	18373	0
662	0	663	18376	0
663	1	662	18376	0
663	2	662	18376	0
664	0	665	18375	0
665	1	664	18375	0
665	2	664	18375	0
666	0	667	18375	0
667	1	666	18375	0
667	2	666	18375	0
668	0	669	18368	0
669	1	668	18368	0
669	2	668	18368	0
670	0	671	18369	0
671	1	670	18369	0
671	2	670	18369	0
672	0	673	18379	0
673	1	672	18379	0
673	2	672	18379	0
674	0	675	18369	0
675	1	674	18369	0
675	2	674	18369	0
676	0	677	18379	0
677	1	676	18379	0
677	2	676	18379	0
678	0	679	18370	0
679	1	678	18370	0
679	2	678	18370	0
680	0	681	18379	0
681	1	680	18379	0
681	2	680	18379	0
682	0	683	18379	0
683	1	682	18379	0
683	2	682	18379	0
684	0	685	18372	0
685	1	684	18372	0
685	2	684	18372	0
686	0	687	18379	0
687	1	686	18379	0
687	2	686	18379	0
688	0	689	18378	0
689	1	688	18378	0
689	2	688	18378	0
690	0	691	18370	0
691	1	690	18370	0
691	2	690	18370	0
692	0	693	18356	0
693	1	692	18356	0
693	2	692	18356	0
694	0	695	18379	0
695	1	694	18379	0
695	2	694	18379	0
696	0	697	18369	0
697	1	696	18369	0
697	2	696	18369	0
698	0	699	18369	0
699	1	698	18369	0
699	2	698	18369	0
700	0	701	18356	0
701	1	700	18356	0
701	2	700	18356	0
702	0	703	18365	0
703	1	702	18365	0
703	2	702	18365	0
704	0	705	18365	0
705	1	704	18365	0
705	2	704	18365	0
706	0	707	18357	0
707	1	706	18357	0
707	2	706	18357	0
708	0	709	18356	0
709	1	708	18356	0
709	2	708	18356	0
710	0	711	18346	0
711	1	710	18346	0
711	2	710	18346	0
712	0	713	18380	0
713	1	712	18380	0
713	2	712	18380	0
714	0	715	18378	0
715	1	714	18378	0
715	2	714	18378	0
716	0	717	18376	0
717	1	716	18376	0
717	2	716	18376	0
718	0	719	18355	0
719	1	718	18355	0
719	2	718	18355	0
720	0	721	18371	0
721	1	720	18371	0
721	2	720	18371	0
722	0	723	18350	0
723	1	722	18350	0
723	2	722	18350	0
724	0	725	18375	0
725	1	724	18375	0
725	2	724	18375	0
726	0	727	18372	0
727	1	726	18372	0
727	2	726	18372	0
728	0	729	18379	0
729	1	728	18379	0
729	2	728	18379	0
730	0	731	18369	0
731	1	730	18369	0
731	2	730	18369	0
732	0	733	18369	0
733	1	732	18369	0
733	2	732	18369	0
734	0	735	18348	0
735	1	734	18348	0
735	2	734	18348	0
736	0	737	18356	0
737	1	736	18356	0
737	2	736	18356	0
738	0	739	18357	0
739	1	738	18357	0
739	2	738	18357	0
740	0	741	18368	0
741	1	740	18368	0
741	2	740	18368	0
742	0	743	18369	0
743	1	742	18369	0
743	2	742	18369	0
744	0	745	18357	0
745	1	744	18357	0
745	2	744	18357	0
746	0	747	18357	0
747	1	746	18357	0
747	2	746	18357	0
748	0	749	18354	0
749	1	748	18354	0
749	2	748	18354	0
750	0	751	18379	0
751	1	750	18379	0
751	2	750	18379	0
752	0	753	18368	0
753	1	752	18368	0
753	2	752	18368	0
754	0	755	18354	0
755	1	754	18354	0
755	2	754	18354	0
756	0	757	18354	0
757	1	756	18354	0
757	2	756	18354	0
758	0	759	18349	0
759	1	758	18349	0
759	2	758	18349	0
760	0	761	18375	0
761	1	760	18375	0
761	2	760	18375	0
762	0	763	18355	0
763	1	762	18355	0
763	2	762	18355	0
764	0	765	18361	0
765	1	764	18361	0
765	2	764	18361	0
766	0	767	18354	0
767	1	766	18354	0
767	2	766	18354	0
768	0	769	18355	0
769	1	768	18355	0
769	2	768	18355	0
770	0	771	18348	0
771	1	770	18348	0
771	2	770	18348	0
772	0	773	18355	0
773	1	772	18355	0
773	2	772	18355	0
774	0	775	18352	0
775	1	774	18352	0
775	2	774	18352	0
776	0	777	18351	0
777	1	776	18351	0
777	2	776	18351	0
778	0	779	18346	0
779	1	778	18346	0
779	2	778	18346	0
780	0	781	18366	0
781	1	780	18366	0
781	2	780	18366	0
782	0	783	18369	0
783	1	782	18369	0
783	2	782	18369	0
784	0	785	18380	0
785	1	784	18380	0
785	2	784	18380	0
786	0	787	18352	0
787	1	786	18352	0
787	2	786	18352	0
788	0	789	18379	0
789	1	788	18379	0
789	2	788	18379	0
790	0	791	18359	0
791	1	790	18359	0
791	2	790	18359	0
792	0	793	18352	0
793	1	792	18352	0
793	2	792	18352	0
794	0	795	18351	0
795	1	794	18351	0
795	2	794	18351	0
796	0	797	18343	0
797	1	796	18343	0
797	2	796	18343	0
798	0	799	18344	0
799	1	798	18344	0
799	2	798	18344	0
800	0	801	18355	0
801	1	800	18355	0
801	2	800	18355	0
802	0	803	18352	0
803	1	802	18352	0
803	2	802	18352	0
804	0	805	18372	0
805	1	804	18372	0
805	2	804	18372	0
806	0	807	18372	0
807	1	806	18372	0
807	2	806	18372	0
808	0	809	18373	0
809	1	808	18373	0
809	2	808	18373	0
810	0	811	18374	0
811	1	810	18374	0
811	2	810	18374	0
812	0	813	18366	0
813	1	812	18366	0
813	2	812	18366	0
814	0	815	18351	0
815	1	814	18351	0
815	2	814	18351	0
816	0	817	18373	0
817	1	816	18373	0
817	2	816	18373	0
818	0	819	18375	0
819	1	818	18375	0
819	2	818	18375	0
820	0	821	18336	0
821	1	820	18336	0
821	2	820	18336	0
822	0	823	18348	0
823	1	822	18348	0
823	2	822	18348	0
824	0	825	18348	0
825	1	824	18348	0
825	2	824	18348	0
826	0	827	18377	0
827	1	826	18377	0
827	2	826	18377	0
828	0	829	18372	0
829	1	828	18372	0
829	2	828	18372	0
830	0	831	18356	0
831	1	830	18356	0
831	2	830	18356	0
832	0	833	18348	0
833	1	832	18348	0
833	2	832	18348	0
834	0	835	18348	0
835	1	834	18348	0
835	2	834	18348	0
836	0	837	18350	0
837	1	836	18350	0
837	2	836	18350	0
838	0	839	18349	0
839	1	838	18349	0
839	2	838	18349	0
840	0	841	18349	0
841	1	840	18349	0
841	2	840	18349	0
842	0	843	18364	0
843	1	842	18364	0
843	2	842	18364	0
844	0	845	18349	0
845	1	844	18349	0
845	2	844	18349	0
846	0	847	18348	0
847	1	846	18348	0
847	2	846	18348	0
848	0	849	18359	0
849	1	848	18359	0
849	2	848	18359	0
850	0	851	18373	0
851	1	850	18373	0
851	2	850	18373	0
852	0	853	18359	0
853	1	852	18359	0
853	2	852	18359	0
854	0	855	18359	0
855	1	854	18359	0
855	2	854	18359	0
856	0	857	18359	0
857	1	856	18359	0
857	2	856	18359	0
858	0	859	18378	0
859	1	858	18378	0
859	2	858	18378	0
860	0	861	18376	0
861	1	860	18376	0
861	2	860	18376	0
862	0	863	18356	0
863	1	862	18356	0
863	2	862	18356	0
864	0	865	18348	0
865	1	864	18348	0
865	2	864	18348	0
866	0	867	18361	0
867	1	866	18361	0
867	2	866	18361	0
868	0	869	18354	0
869	1	868	18354	0
869	2	868	18354	0
870	0	871	18377	0
871	1	870	18377	0
871	2	870	18377	0
872	0	873	18359	0
873	1	872	18359	0
873	2	872	18359	0
874	0	875	18361	0
875	1	874	18361	0
875	2	874	18361	0
876	0	877	18373	0
877	1	876	18373	0
877	2	876	18373	0
878	0	879	18354	0
879	1	878	18354	0
879	2	878	18354	0
880	0	881	18351	0
881	1	880	18351	0
881	2	880	18351	0
882	0	883	18356	0
883	1	882	18356	0
883	2	882	18356	0
884	0	885	18354	0
885	1	884	18354	0
885	2	884	18354	0
886	0	887	18372	0
887	1	886	18372	0
887	2	886	18372	0
888	0	889	18349	0
889	1	888	18349	0
889	2	888	18349	0
890	0	891	18379	0
891	1	890	18379	0
891	2	890	18379	0
892	0	893	18379	0
893	1	892	18379	0
893	2	892	18379	0
894	0	895	18364	0
895	1	894	18364	0
895	2	894	18364	0
896	0	897	18358	0
897	1	896	18358	0
897	2	896	18358	0
898	0	899	18380	0
899	1	898	18380	0
899	2	898	18380	0
900	0	901	18356	0
901	1	900	18356	0
901	2	900	18356	0
902	0	903	18376	0
903	1	902	18376	0
903	2	902	18376	0
904	0	905	18373	0
905	1	904	18373	0
905	2	904	18373	0
906	0	907	18351	0
907	1	906	18351	0
907	2	906	18351	0
908	0	909	18359	0
909	1	908	18359	0
909	2	908	18359	0
910	0	911	18358	0
911	1	910	18358	0
911	2	910	18358	0
912	0	913	18359	0
913	1	912	18359	0
913	2	912	18359	0
914	0	915	18358	0
915	1	914	18358	0
915	2	914	18358	0
916	0	917	18359	0
917	1	916	18359	0
917	2	916	18359	0
918	0	919	18372	0
919	1	918	18372	0
919	2	918	18372	0
920	0	921	18355	0
921	1	920	18355	0
921	2	920	18355	0
922	0	923	18369	0
923	1	922	18369	0
923	2	922	18369	0
924	0	925	18369	0
925	1	924	18369	0
925	2	924	18369	0
926	0	927	18373	0
927	1	926	18373	0
927	2	926	18373	0
928	0	929	18358	0
929	1	928	18358	0
929	2	928	18358	0
930	0	931	18366	0
931	1	930	18366	0
931	2	930	18366	0
932	0	933	18380	0
933	1	932	18380	0
933	2	932	18380	0
934	0	935	18369	0
935	1	934	18369	0
935	2	934	18369	0
936	0	937	18377	0
937	1	936	18377	0
937	2	936	18377	0
938	0	939	18363	0
939	1	938	18363	0
939	2	938	18363	0
940	0	941	18361	0
941	1	940	18361	0
941	2	940	18361	0
942	0	943	18361	0
943	1	942	18361	0
943	2	942	18361	0
944	0	945	18354	0
945	1	944	18354	0
945	2	944	18354	0
946	0	947	18376	0
947	1	946	18376	0
947	2	946	18376	0
948	0	949	18368	0
949	1	948	18368	0
949	2	948	18368	0
950	0	951	18380	0
951	1	950	18380	0
951	2	950	18380	0
952	0	953	18372	0
953	1	952	18372	0
953	2	952	18372	0
954	0	955	18366	0
955	1	954	18366	0
955	2	954	18366	0
956	0	957	18359	0
957	1	956	18359	0
957	2	956	18359	0
958	0	959	18367	0
959	1	958	18367	0
959	2	958	18367	0
960	0	961	18357	0
961	1	960	18357	0
961	2	960	18357	0
962	0	963	18358	0
963	1	962	18358	0
963	2	962	18358	0
964	0	965	18374	0
965	1	964	18374	0
965	2	964	18374	0
966	0	967	18353	0
967	1	966	18353	0
967	2	966	18353	0
968	0	969	18355	0
969	1	968	18355	0
969	2	968	18355	0
970	0	971	18380	0
971	1	970	18380	0
971	2	970	18380	0
972	0	973	18354	0
973	1	972	18354	0
973	2	972	18354	0
974	0	975	18380	0
975	1	974	18380	0
975	2	974	18380	0
976	0	977	18354	0
977	1	976	18354	0
977	2	976	18354	0
978	0	979	18352	0
979	1	978	18352	0
979	2	978	18352	0
980	0	981	18346	0
981	1	980	18346	0
981	2	980	18346	0
982	0	983	18355	0
983	1	982	18355	0
983	2	982	18355	0
984	0	985	18357	0
985	1	984	18357	0
985	2	984	18357	0
986	0	987	18359	0
987	1	986	18359	0
987	2	986	18359	0
988	0	989	18352	0
989	1	988	18352	0
989	2	988	18352	0
990	0	991	18353	0
991	1	990	18353	0
991	2	990	18353	0
992	0	993	18359	0
993	1	992	18359	0
993	2	992	18359	0
994	0	995	18360	0
995	1	994	18360	0
995	2	994	18360	0
996	0	997	18358	0
997	1	996	18358	0
997	2	996	18358	0
998	0	999	18372	0
999	1	998	18372	0
999	2	998	18372	0
